#
# SWL, source ribner, caseName = sd_blk_r1_t1_2Sources,  nSeg = 6, nDoF = 22322

    156.25         67.558
    195.31        67.4339
    234.38         64.718
    273.44        63.5592
     312.5        62.3077
    351.56         62.428
    390.62        61.4679
    429.69         61.239
    468.75        60.1758
    507.81        58.8388
    546.88         59.906
    585.94        57.7138
       625         61.351
    664.06        61.2249
    703.12        59.4934
    742.19        57.0993
    781.25        59.7501
    820.31        57.7406
    859.38        62.3385
    898.44        59.0979
     937.5        58.1861
    976.56        57.3422
    1015.6        55.4591
    1054.7        54.1571
    1093.8        54.9031
    1132.8        54.1143
    1171.9        51.4773
    1210.9        50.2151
      1250        51.2612
    1289.1        52.4572
    1328.1        50.6284
    1367.2        47.6157
    1406.2        47.0959
    1445.3        46.7654
    1484.4        47.3938
    1523.4        48.2351
    1562.5        48.4043
    1601.6        46.8417
    1640.6        45.0491
    1679.7        46.4476
    1718.8        53.1595
    1757.8        50.0156
    1796.9        49.2469
    1835.9        49.2557
      1875        48.1395
    1914.1        51.8815
    1953.1        48.8837
    1992.2        47.6539
    2031.2        48.2304
    2070.3        46.7744
    2109.4        45.8245
    2148.4        46.7701
    2187.5        46.0756
    2226.6        44.7454
    2265.6        44.9813
    2304.7        44.1197
    2343.8        43.1519
    2382.8        42.5315
    2421.9        45.0917
    2460.9        43.8909
      2500         44.505
    2539.1        43.7941
    2578.1        46.0975
    2617.2        44.5198
    2656.2        44.9891
    2695.3        44.1638
    2734.4        43.1027
    2773.4        43.1854
    2812.5        43.3177
    2851.6        44.3443
    2890.6        42.8695
    2929.7        43.1149
    2968.8        44.0753
    3007.8        42.9242
    3046.9         42.352
    3085.9        44.3067
      3125        44.2435
    3164.1        44.1079
    3203.1        44.5577
    3242.2        44.5607
    3281.2        44.3734
